0111001100000011
0110011001110101
0110100011101100
1010010101101011
1110011000110110
0000110010001101
0100011011010000
0100010011000000
0110011000011010
0001111101011001
0000000100111100
1011011110100001
0001011001001110
1010110101101101
0111010010010111
1111000111101110
0011101101011101
0100100000001010
1100010000011011
1110001000011101
0111000010110101
1110110011111101
0100011111001011
0110111101101110
1101100101010110
1010001001100101
0001111001110100
1110110001110010
0111100011000101
1111101001101110
0011001111010101
1001001110011010
1011110001101011
1100100010100000
0011101111110011
1010101101110111
0010000001111010
1100010000011101
1100101101010011
0011000100001111
1110000011011011
0000010111111111
0111010001110101
1111011001110001
1111101011001110
1111100010000111
0000111011010100
1001101100110000
0100110111100111
1010000110111110
0101111101000011
0111101100110001
1101101000000100
1110111110010000
1001010000010110
0100000011010010
1000011111011010
1110110111010101
0111010111110001
1111101010111101
0100110110011001
1010110001011000
0001100011111101
1011111000000011
1001001101010000
0010010001001111
1001010011010101
1001111111011111
1110001010101010
1000001100000011
0000001110100001
0101101111001110
1110001011110100
0110110111000010
1110010111111101
1001110111101110
0110001011011001
0001111111110011
1000101000100000
1011011011100010
1101111011110110
0010110000101010
1001011101110011
0000100001011100
1110101111100100
0110001001100000
1110111001010001
1100000110001100
1101001010000000
0000111110101100
0100101000010100
0100100110010110
0001001000101110
1100010010100010
1100110101010001
1000011100000011
1000100001011011
1011111001000011
0011111100101010
1000010101000001
