0010011000011100
1100011101110000
0010011110000111
0001011100001110
1011011111110111
1011001001101100
1010101101011010
0110100110101101
1111011101001111
0001101111011101
0001000110001011
1101010100010110
1110000100000010
0000001000001110
1011010000101110
1111100010100111
0000110110001011
0011111100000000
0110110100101010
1100110010110010
1101001010011010
1001101001111101
0001101110000100
1100100101101101
1010010111011111
1011100110111000
0011110010100000
1111010001100101
1100001100000011
1000100110000011
1100010110110101
1111111111111100
0111011001101111
0101001011111100
0100001010011000
1000011010011101
0101010010010111
1111011110110011
0010011111000100
1000001101000011
0110001001111101
0000010100000100
0011110010011001
1110000101101111
1010001111111111
1011000100111011
1011010110001011
0111101000000011
1010000010011010
1010010110110110
1001111111110110
0011111101111001
0001000100101110
1000010111001110
0110001011000110
0101010010111011
0110101001001110
1101101111111111
0011000010001101
1000011100110100
0100001110011101
0011111101100000
0111011010100110
0010011101010100
1101001100111101
0110010011001100
0010111101001101
0011101100100000
1111000000000000
0111010001111011
1001001010001101
0101011110100100
1011100111101010
1001101000001101
0110001100110101
0110010010001001
1011100100001111
0001111010000001
1100001101010001
0011000100011010
1001111011010100
0101111011111000
1111110110111110
1111110100100000
0111001010011101
1001101101101100
1110100000010101
0011001101101111
1110010101101111
0100111001101101
0000110001111110
1100011000110101
0000011111010101
1110010110101111
1111110110111101
1100101010001010
0011111100000010
1001111111101111
1011100010010111
1111000110011111
