110101
001011
101001
101110
000010
011000
110000
000010
111100
001100
011000
010110
011001
101111
110010
010110
000111
110010
011001
011011
001111
011001
001100
000011
010001
011011
100100
110101
110101
000100
000000
111111
100101
111100
100110
100110
101000
001101
000011
111011
100111
100100
001010
111000
101010
011001
010011
100111
101101
110010
110001
101001
000101
001111
011111
000100
101011
100000
011011
110011
000011
000110
000001
110011
010001
011100
010101
001010
100001
100110
010100
011101
010011
101100
101110
010011
111000
000011
111101
111100
111000
000111
101010
101100
010100
100011
101111
100000
100000
100000
000100
000101
010011
010110
000100
100101
011011
001001
011100
110101
