1100010100101111
1110101100111011
1000101001001001
1011000010011101
1000000111111111
1000101001110100
1100011100110100
0010111010110100
1001001110101011
1100000110001100
1100110110001001
0000010101000001
0100111011010000
0011011011010110
1010111101010100
1001011100001101
1001000100101100
0101000101101011
1111011010011111
0110010101011000
1110111010010100
0100010000010000
1011100111011110
1101111101000100
0100000110111101
1100010101100100
1011111001010010
0000111100111101
1100000110111110
0010011110111010
1001010100011000
0100101011000001
0100010001011111
1011010111010110
0000001011110101
1110001001001101
1100101101111010
0010001111000001
0100000010101100
1011010000010110
0010000000011111
0000010000111100
1011111001011111
1011100111100001
0000010000000100
1001011011110010
0100001110010110
0101101100010001
0100000010010001
1100011011010100
0011001111000111
0000100100001110
0000000011011100
1010010001011000
0110001111010011
1100101001110111
0001100101000001
0110110011111111
0101011100011100
0010000011010101
0110011101001100
0100011001000100
0001001011110101
1111111101101011
0000011000011101
1001110011111011
1011100110000101
0011101110100100
1001011101000010
1000101100000111
0110100110100011
0110100111000010
1011000101011010
1110011100101001
1011101001110111
1010110100100101
0011110010001101
1010011011111011
0110000110101011
1101011110000001
0100110100010111
0111100010000010
1110100111011111
0000110111111001
0011111101101100
0011010000101000
0011100011101011
0100000100010001
0101010000100001
1110100000100001
1111011110010010
1101111010101011
1001010111100111
1011110111011000
1111010101011000
0100010001011001
1001000101100000
1000010101001101
1000010110001001
1001111011101111
