1010100110000101
0011110001000010
0100001101110000
1000010100110100
0100011101000011
1101000110010011
0111010001110001
0100011010101100
1111010001001111
1000100010110110
0101100111101101
1010101001110100
1000011100000110
1101100001111000
1101000011110010
0101010000101111
0110110001110011
0101111110101001
1111110011010010
1000011100111010
1010011100011011
0100111001001100
0011001100011100
1110100011110011
1010010001001011
0001000111111001
1110001101001011
1011011111101100
0000101000111110
1011010000101101
1010100010100111
0110110111001010
0100101001101101
0000100111111010
1100010100000010
1100111001111010
0001001010001101
0111110101101010
0000111110001000
0111101000011010
0111100000010011
1100100101100000
1011001011110001
0001100101011101
1010101001011011
0001111000101011
1111110100000011
0011011000110100
1101110100010101
0100011011010000
0011000000100101
0010011001000000
1100000011001110
0010100110110101
1111101111110001
0110100011010111
0001010111111010
1001011001101010
1110111011101111
1100000010111001
1011111011001111
0000000100000010
1110010101100010
0100010011110111
0001000111110101
1100100010011010
1101100011001101
1011100010001101
1100101011000000
0010010101001011
0010001010100101
1100000110001010
1000011010111000
0111111011011001
0101111111000110
1001011011001000
1011000101011101
0101000011111010
0111010110000101
1111111101111110
0011010011001101
0101101010011101
1110100100111001
1001100111011011
0111110111011010
0000111011000110
0010100100000000
0111011011010000
0011000010100100
1001101110010000
1010110010010100
0100111000101000
1000110000101000
1001100100011111
1011100000000100
1010110011111011
1111001111101111
1111001001101010
0101101100010111
0010110110000110
