011111
100010
011110
100001
100101
111000
111110
000110
110100
110111
111101
001100
100110
011111
000111
011010
110100
100101
001010
010110
000000
011100
101011
011110
011011
011110
111110
000100
100110
111100
111010
000100
010101
000111
011101
000110
101110
001011
101001
000001
001001
010111
101011
111000
010010
111101
011000
101001
111001
010011
011110
000011
001010
010001
101001
100000
111001
101010
101100
100100
000110
101100
100000
001111
100010
000011
011011
000101
100100
010011
001001
111101
010111
111010
100010
100110
001000
000110
111110
010001
111001
111101
000101
111100
111110
110100
100101
101111
100100
000010
010011
100110
110000
101000
100010
100110
011011
110111
100001
111000
